3741
15090
33573
59969
93466
134978
185124
240777
306897
374461
454256
545938
632382
737753
847473
959148
1.08368e+006
1.21495e+006
1.3556e+006
1.49797e+006
1.65581e+006
1.81274e+006
1.98366e+006
2.1563e+006
2.34366e+006
2.53626e+006
2.73097e+006
2.94976e+006
3.15366e+006
3.37792e+006
3.60987e+006
3.84469e+006
4.08531e+006
4.3417e+006
4.5901e+006
4.85991e+006
5.13736e+006
5.4187e+006
5.70556e+006
5.99986e+006
6.30978e+006
6.61699e+006
6.95083e+006
7.26207e+006
7.59816e+006
7.93716e+006
8.29769e+006
8.64227e+006
9.00366e+006
9.37741e+006
9.77148e+006
1.01373e+007
1.05574e+007
1.09591e+007
1.13409e+007
1.17627e+007
1.2195e+007
1.26206e+007
1.30507e+007
1.35088e+007
1.39658e+007
1.44303e+007
1.48962e+007
1.53598e+007
1.58664e+007
1.63316e+007
1.68235e+007
1.73467e+007
1.78536e+007
1.83853e+007
1.89213e+007
1.94614e+007
1.99799e+007
2.05459e+007
2.11198e+007
2.16599e+007
2.22335e+007
2.28148e+007
2.34234e+007
2.40318e+007
2.46117e+007
2.52147e+007
2.58418e+007
2.64682e+007
2.70977e+007
2.77563e+007
2.83748e+007
2.9031e+007
2.97301e+007
3.03883e+007
3.10535e+007
3.17397e+007
3.24382e+007
3.31395e+007
3.38388e+007
3.45501e+007
3.52641e+007
3.60148e+007
3.67585e+007
3.75198e+007
3.82586e+007
3.90403e+007
3.98195e+007
4.05909e+007
4.13487e+007
4.2156e+007
4.29495e+007
4.37452e+007
4.4548e+007
4.54022e+007
4.61978e+007
4.7051e+007
4.78891e+007
