0
502
0
501
501
501
1003
1003
1505
1504
1504
2507
2507
3508
3510
4513
4512
6044
5515
6063
6564
9516
8551
9524
11028
11029
12989
12038
13538
15041
15087
16541
17546
17624
19045
20622
21094
24068
24054
26570
26600
28073
27664
31586
32589
34638
35094
36051
38115
40112
41156
42659
43617
46123
48675
49674
50635
53596
58159
57655
59156
61730
62665
67179
66678
71190
70749
74198
76740
77754
80715
84224
87317
86286
89786
91296
94464
95758
96847
104277
105857
107248
108836
111434
115378
118361
121840
121813
126890
125881
132305
132353
140919
143424
142341
145889
149889
150487
151557
155367
163891
170999
169904
173006
174519
200529
182487
183942
193029
190167
195607
197623
209056
