4961
19906
44865
79812
124762
179710
244660
319611
404562
499508
604464
719412
844362
979313
1.12426e+006
1.27921e+006
1.44416e+006
1.61911e+006
1.80406e+006
1.99902e+006
2.20396e+006
2.41891e+006
2.64386e+006
2.87881e+006
3.12376e+006
3.37871e+006
3.64366e+006
3.91861e+006
4.20356e+006
4.49851e+006
4.80346e+006
5.11841e+006
5.44336e+006
5.77831e+006
6.12326e+006
6.47822e+006
6.84317e+006
7.21811e+006
7.60306e+006
7.99801e+006
8.40296e+006
8.81792e+006
9.24286e+006
9.67781e+006
1.01228e+007
1.05777e+007
1.10427e+007
1.15176e+007
1.20026e+007
1.24975e+007
1.30025e+007
1.35174e+007
1.40424e+007
1.45773e+007
1.51223e+007
1.56772e+007
1.62422e+007
1.68171e+007
1.74021e+007
1.7997e+007
1.8602e+007
1.92169e+007
1.98419e+007
2.04768e+007
2.11218e+007
2.17767e+007
2.24417e+007
2.31166e+007
2.38016e+007
2.44965e+007
2.52015e+007
2.59164e+007
2.66414e+007
2.73763e+007
2.81213e+007
2.88762e+007
2.96412e+007
3.04161e+007
3.12011e+007
3.1996e+007
3.2801e+007
3.36159e+007
3.44409e+007
3.52758e+007
3.61208e+007
3.69757e+007
3.78407e+007
3.87156e+007
3.96006e+007
4.04955e+007
4.14005e+007
4.23154e+007
4.32404e+007
4.41753e+007
4.51203e+007
4.60752e+007
4.70402e+007
4.80151e+007
4.90001e+007
4.9995e+007
5.1e+007
5.20149e+007
5.30399e+007
5.40748e+007
5.51198e+007
5.61747e+007
5.72397e+007
5.83146e+007
5.93996e+007
6.04945e+007
6.15995e+007
6.27144e+007
6.38394e+007
6.49743e+007
6.61193e+007
6.72742e+007
6.84392e+007
6.96141e+007
7.07991e+007
7.1994e+007
7.3199e+007
7.44139e+007
7.56389e+007
7.68738e+007
7.81188e+007
7.93737e+007
8.06387e+007
8.19136e+007
8.31986e+007
8.44935e+007
8.57985e+007
8.71134e+007
8.84384e+007
8.97733e+007
9.11183e+007
9.24732e+007
9.38382e+007
9.52131e+007
9.65981e+007
9.7993e+007
9.9398e+007
1.00813e+008
1.02238e+008
1.03673e+008
1.05118e+008
1.06573e+008
1.08038e+008
1.09513e+008
1.10998e+008
1.12493e+008
1.13997e+008
1.15512e+008
1.17037e+008
1.18572e+008
1.20117e+008
1.21672e+008
1.23237e+008
1.24812e+008
1.26397e+008
1.27992e+008
1.29597e+008
1.31212e+008
1.32837e+008
1.34472e+008
1.36117e+008
1.37772e+008
1.39437e+008
1.41112e+008
1.42797e+008
1.44492e+008
1.46196e+008
1.47911e+008
1.49636e+008
1.51371e+008
1.53116e+008
1.54871e+008
1.56636e+008
1.58411e+008
1.60196e+008
1.61991e+008
1.63796e+008
1.65611e+008
1.67436e+008
1.69271e+008
1.71116e+008
1.72971e+008
1.74836e+008
1.76711e+008
1.78596e+008
1.80491e+008
1.82395e+008
1.8431e+008
1.86235e+008
1.8817e+008
1.90115e+008
1.9207e+008
1.94035e+008
1.9601e+008
1.97995e+008
1.9999e+008
2.01995e+008
2.0401e+008
2.06035e+008
2.0807e+008
2.10115e+008
2.1217e+008
2.14235e+008
2.1631e+008
2.18395e+008
2.2049e+008
2.22594e+008
2.24709e+008
2.26834e+008
2.28969e+008
2.31114e+008
2.33269e+008
2.35434e+008
2.37609e+008
2.39794e+008
2.41989e+008
2.44194e+008
2.46409e+008
2.48634e+008
2.50869e+008
2.53114e+008
2.55369e+008
2.57634e+008
2.59909e+008
2.62194e+008
2.64489e+008
2.66793e+008
2.69108e+008
2.71433e+008
2.73768e+008
2.76113e+008
2.78468e+008
2.80833e+008
2.83208e+008
2.85593e+008
2.87988e+008
2.90393e+008
2.92808e+008
2.95233e+008
2.97668e+008
3.00113e+008
3.02568e+008
3.05033e+008
3.07508e+008
3.09993e+008
3.12488e+008
3.14992e+008
3.17507e+008
3.20032e+008
3.22567e+008
3.25112e+008
3.27667e+008
3.30232e+008
3.32807e+008
3.35392e+008
3.37987e+008
3.40592e+008
3.43207e+008
3.45832e+008
3.48467e+008
3.51112e+008
3.53767e+008
3.56432e+008
3.59107e+008
3.61792e+008
3.64487e+008
3.67191e+008
3.69906e+008
3.72631e+008
3.75366e+008
3.78111e+008
3.80866e+008
3.83631e+008
3.86406e+008
3.89191e+008
3.91986e+008
3.94791e+008
3.97606e+008
4.00431e+008
4.03266e+008
4.06111e+008
4.08966e+008
4.11831e+008
4.14706e+008
4.17591e+008
4.20486e+008
4.2339e+008
4.26305e+008
4.2923e+008
4.32165e+008
4.3511e+008
4.38065e+008
4.4103e+008
4.44005e+008
4.4699e+008
4.49985e+008
4.5299e+008
4.56005e+008
4.5903e+008
4.62065e+008
4.6511e+008
4.68165e+008
4.7123e+008
4.74305e+008
4.7739e+008
4.80485e+008
4.83589e+008
4.86704e+008
4.89829e+008
4.92964e+008
4.96109e+008
4.99264e+008
5.02429e+008
5.05604e+008
5.08789e+008
5.11984e+008
5.15189e+008
5.18404e+008
5.21629e+008
5.24864e+008
5.28109e+008
5.31364e+008
5.34629e+008
5.37904e+008
5.41189e+008
5.44484e+008
5.47788e+008
5.51103e+008
5.54428e+008
5.57763e+008
5.61108e+008
5.64463e+008
5.67828e+008
5.71203e+008
5.74588e+008
5.77983e+008
5.81388e+008
5.84803e+008
5.88228e+008
5.91663e+008
5.95108e+008
5.98563e+008
6.02028e+008
6.05503e+008
6.08988e+008
6.12483e+008
6.15987e+008
6.19502e+008
6.23027e+008
6.26562e+008
6.30107e+008
6.33662e+008
6.37227e+008
6.40802e+008
6.44387e+008
6.47982e+008
6.51587e+008
6.55202e+008
6.58827e+008
6.62462e+008
6.66107e+008
6.69762e+008
6.73427e+008
6.77102e+008
6.80787e+008
6.84482e+008
6.88186e+008
6.91901e+008
6.95626e+008
6.99361e+008
7.03106e+008
7.06861e+008
7.10626e+008
7.14401e+008
7.18186e+008
7.21981e+008
7.25786e+008
7.29601e+008
7.33426e+008
7.37261e+008
7.41106e+008
7.44961e+008
7.48826e+008
7.52701e+008
7.56586e+008
7.60481e+008
7.64385e+008
7.683e+008
7.72225e+008
7.7616e+008
7.80105e+008
7.8406e+008
7.88025e+008
7.92e+008
7.95985e+008
7.9998e+008
8.03985e+008
8.08e+008
8.12025e+008
8.1606e+008
8.20105e+008
8.2416e+008
8.28225e+008
8.323e+008
8.36385e+008
8.4048e+008
8.44584e+008
8.48699e+008
8.52824e+008
8.56959e+008
8.61104e+008
8.65259e+008
8.69424e+008
8.73599e+008
8.77784e+008
8.81979e+008
8.86184e+008
8.90399e+008
8.94624e+008
8.98859e+008
9.03104e+008
9.07359e+008
9.11624e+008
9.15899e+008
9.20184e+008
9.24479e+008
9.28783e+008
9.33098e+008
9.37423e+008
9.41758e+008
9.46103e+008
9.50458e+008
9.54823e+008
9.59198e+008
9.63583e+008
9.67978e+008
9.72383e+008
9.76798e+008
9.81223e+008
9.85658e+008
9.90103e+008
9.94558e+008
9.99023e+008
1.0035e+009
1.00798e+009
1.01248e+009
1.01698e+009
1.0215e+009
1.02602e+009
1.03056e+009
1.0351e+009
1.03966e+009
1.04422e+009
1.0488e+009
1.05338e+009
1.05798e+009
1.06258e+009
1.0672e+009
1.07182e+009
1.07646e+009
1.0811e+009
1.08576e+009
1.09042e+009
1.0951e+009
1.09978e+009
1.10448e+009
1.10918e+009
1.1139e+009
1.11862e+009
1.12336e+009
1.1281e+009
1.13286e+009
1.13762e+009
1.1424e+009
1.14718e+009
1.15198e+009
1.15678e+009
1.1616e+009
1.16642e+009
1.17126e+009
1.1761e+009
1.18096e+009
1.18582e+009
1.1907e+009
1.19558e+009
1.20048e+009
1.20538e+009
1.2103e+009
1.21522e+009
1.22016e+009
1.2251e+009
1.23006e+009
1.23502e+009
1.24e+009
1.24498e+009
1.24998e+009
1.25498e+009
1.25999e+009
1.26502e+009
1.27005e+009
1.2751e+009
1.28015e+009
1.28522e+009
1.29029e+009
1.29538e+009
1.30047e+009
1.30558e+009
1.31069e+009
1.31582e+009
1.32095e+009
1.3261e+009
1.33125e+009
1.33642e+009
