0
0
0
1002
1003
1002
1002
971
1972
3003
3009
3041
4032
4547
5014
6049
7051
7018
8021
9025
10064
12531
11533
13030
14545
16544
16541
19558
21022
20552
23076
23599
25060
29034
29634
29030
33090
33076
35097
37631
38141
40641
43075
43656
45663
50172
51636
55647
55610
59698
59186
61149
66176
67680
71189
71191
76325
78226
83221
88268
85266
87279
87732
91704
93289
97777
100766
106837
112272
114765
115768
119308
123829
122826
126893
137346
139839
135361
144885
146424
151903
155915
155914
169135
169993
175040
174504
178521
197052
181304
187997
194024
195561
201537
202012
232693
213569
214069
223644
232091
228650
241144
250655
254254
257191
261261
267303
268818
266200
274711
285334
294738
288273
306818
319823
347471
332008
330379
328374
345037
357938
363804
361039
371014
381553
382566
387493
417226
414135
415601
404577
415094
423726
434711
435671
443764
453268
453814
461799
463244
495781
479877
497274
489876
495934
513107
525899
526587
528054
541510
551369
554810
555988
564155
588221
583735
590160
608106
603607
626729
623150
676270
643433
654880
656362
663832
676600
698977
686393
710631
710400
710996
716022
734477
755579
763902
745067
767541
778143
785249
800738
811311
881787
897978
824845
876387
923797
913987
852926
851828
920138
873805
885903
905673
912463
917577
929814
932006
941656
949995
995531
965716
974669
984118
999220
1010683
1012930
1028286
1040303
1047814
1059819
1068381
1086086
1088554
1100948
1112513
1119064
1133559
1153068
1150125
1172601
1169934
1180847
1196396
1208941
1222822
1224907
1237470
1249484
1261855
1279460
1274565
1289464
1298460
1311600
1319654
1333637
1351328
1354744
1375649
1386887
1408822
1401297
1415475
1430882
1465961
1459465
1470029
1478287
1488090
1504085
1511605
1524532
1533042
1556332
1557193
1570284
1588352
1593332
1625000
1614420
1650589
1652505
1663427
1676118
1688728
1697578
1701104
1713051
1736255
1754743
1771732
1775422
1800823
1809909
1804015
1828645
1843830
1859075
1857162
1879231
1897559
1922252
1912781
1938428
1962316
1978741
1972452
1990688
2008531
2032448
2035774
2050272
2051522
2073584
2082202
2098242
2106686
2123243
2179664
2154820
2170200
2204824
2189376
2229918
2230472
2256092
2259030
2277819
2284929
2321920
2308770
2350193
2350565
2368872
2409309
2389186
2433506
2451117
2425670
2462136
2471161
2512054
2513865
2522525
2532774
2572473
2569644
2564219
2615629
2608138
2618201
2636148
2653538
2679165
2724788
2712003
2707443
2731264
2754640
2773685
2809869
2801818
2809621
2834970
2840780
2859517
2886101
2903711
2915999
2942153
2961007
2974418
2987933
2987259
3085298
3045999
3047854
3055396
3091210
3136720
3228314
3286527
3177220
3183614
3204118
3205312
3226962
3247131
3273098
3277649
3294908
3319170
3347480
3344135
3360320
3421317
3368267
3419899
3462578
3493150
3555942
3604555
3546824
3571865
3585030
3586168
3626433
3633127
3650255
3657615
3695493
3710215
3735790
3745477
3763170
3763591
3795131
3817223
3842653
3852634
3894674
3894050
3902408
3911106
3959976
3981526
4001963
4013710
4039279
4043374
4070519
4084404
4106707
4124106
4186612
4159490
4198452
4224813
4269573
4421537
4377338
4257625
4287436
4316058
4328128
4389241
4379394
4401097
4414425
4428188
4447005
4470544
4499550
4512578
4553469
4559556
4577920
4577740
4745207
4750719
4753904
4757016
4785703
4754639
4763895
4776803
4817094
4831195
4886106
4885022
4886655
4909151
4965417
4957525
4971167
4998210
5017189
5054064
5053679
5081586
5125339
5138632
5159690
5157615
5213588
5215318
5305312
5326702
5302462
5333934
5333577
5375679
5392901
5379763
5586909
5459704
5492692
5521362
5472503
5520859
5575991
5586193
5628560
5641888
5681985
5802460
5707205
5735288
5751146
5767987
5785827
5819611
5823278
5860216
5919354
5932162
5929867
5946415
6000846
6018047
6038054
6043392
6084031
6142279
6247137
6177844
6181745
6203858
6242980
6268804
6306806
6311244
6336625
6370774
6395052
6460263
