11
6
14
12
12
9
9
11
11
8
14
11
11
12
9
7
11
8
11
14
13
12
6
9
11
11
10
5
9
10
11
5
12
7
12
15
16
12
10
14
12
16
10
13
7
11
10
13
6
6
8
19
8
6
11
9
13
11
14
12
11
15
12
14
9
14
13
7
7
11
14
5
12
6
10
8
12
11
11
5
13
12
9
17
11
6
16
12
14
11
13
13
13
9
18
14
18
11
12
10
10
14
11
9
17
16
10
9
11
9
17
9
6
12
12
13
12
9
15
14
10
11
9
15
14
9
9
13
7
17
15
16
11
6
10
8
12
10
14
7
11
10
12
12
11
11
13
8
13
9
11
12
12
6
13
6
17
13
7
10
6
10
16
7
8
10
12
12
13
13
7
12
11
12
12
15
13
8
14
9
10
12
11
12
9
6
15
4
20
8
8
8
8
8
9
4
8
11
11
14
13
5
6
6
11
12
12
10
13
16
14
8
15
19
7
7
12
11
13
12
12
11
8
9
13
9
10
13
10
14
11
10
14
11
17
11
12
13
15
12
11
15
12
9
15
9
9
12
9
11
10
11
15
10
15
15
8
9
8
13
9
15
10
16
10
8
13
4
8
8
11
12
13
10
18
7
14
10
10
14
11
11
12
13
12
13
16
8
12
6
7
5
16
12
5
17
13
9
16
13
10
14
12
8
17
10
13
6
13
5
12
11
10
10
9
15
13
8
13
15
4
10
13
16
10
15
12
13
12
9
10
11
14
16
14
15
14
8
7
12
16
11
9
9
9
10
9
12
9
15
11
12
12
10
15
7
10
11
14
16
8
9
13
10
11
15
12
8
10
10
12
13
9
11
11
11
12
15
16
12
12
11
15
5
13
9
11
19
11
12
11
6
13
10
11
6
9
9
11
6
10
13
9
11
13
12
5
13
9
10
6
12
13
9
8
11
10
11
16
12
12
14
13
11
4
10
14
14
8
7
12
12
11
15
4
12
9
15
8
11
16
16
12
14
13
11
12
12
17
11
11
12
10
10
14
13
12
18
16
9
14
11
7
11
12
12
5
13
9
13
10
6
10
11
14
13
12
13
12
8
11
11
7
8
15
9
17
12
9
12
11
8
10
9
14
12
11
10
9
13
13
10
9
9
14
6
15
9
10
9
12
12
6
11
11
7
9
