0
0
539
1005
501
1005
1959
2459
2506
3484
5039
4987
5980
7044
9024
9484
10522
11569
13534
14568
17045
18048
20538
23018
23100
26534
26597
29050
30610
32601
36094
38643
41642
42628
45085
46651
51646
54645
57712
61155
64171
67178
70733
73195
77706
79767
82302
85223
90754
95264
102338
99766
108324
107809
116310
120327
121380
141425
131328
135359
140864
143932
147392
153005
161439
160929
168455
174966
176469
183608
193089
197029
200039
203193
211044
218628
220715
225246
234078
240184
246181
249197
256182
265705
270219
278742
284256
289789
295268
303353
314337
320446
326408
330364
339354
350934
352534
358088
365755
373525
384120
402737
409691
404630
418693
423845
427903
437927
447752
455222
472758
473762
483910
493821
498515
504004
515345
524479
534921
544777
564502
557057
569143
584647
586636
597590
608793
617335
630392
638227
647725
653253
663385
676350
689398
693681
703345
722092
730652
735101
746366
765346
793612
779157
792168
802242
812772
826392
846179
850407
862372
866833
893554
891006
903377
917192
927431
948719
959034
967096
973824
987353
998923
1010757
1031396
1031087
1058994
1065884
1070052
1092761
1114593
1114757
1123148
1150908
1154239
1169884
1180773
1191195
1207979
1237010
1231595
1236482
1260062
1275694
1290021
1308004
1318539
1329682
1344170
1365398
1382069
1390449
1398563
1423350
1431869
1448449
1445639
1479937
1493721
1511254
1528732
1532462
1549270
1572108
1582193
1596312
1617475
1632444
1643706
1657679
1685307
1696020
1703427
1723937
1739101
1761425
1782071
1793014
1799774
1828330
1856153
1865607
1861172
1901519
1900180
1919483
1943433
1957707
1978158
1993040
2022594
2029923
2048434
2054887
2088280
2114073
2118971
2138425
2155835
2165878
2193525
2201780
2230265
2240401
2254424
2269581
2285563
2321039
2353121
2358983
2396096
2387592
2430604
2446504
2437874
2465013
2495582
2516465
2525562
2539598
2565085
2600521
2674856
2587436
2647643
2665552
2698276
2696646
2734015
2744370
2766715
2789637
2790596
2817242
2842986
2879849
2888082
2918343
2930530
2944436
2975108
3001706
3026871
3047318
3060127
3075333
3107461
3109731
3132296
3168290
3211579
3220416
3228263
3258197
3250748
3316462
3336237
3345565
3367003
3384162
3419808
3433295
3467786
3459406
3508270
3521075
3597712
3582897
3598405
3608166
3634754
3677456
3695443
3791394
3783052
3770504
3783661
3806809
3847135
3852579
3890990
3896320
3926804
3961315
3972446
4014373
4028636
4052609
4080355
4106695
4133757
4138458
4172203
4210983
4227646
4247770
4298410
4314909
4485095
4379486
4391389
4399328
4431770
4484077
4481477
4516624
4541857
4576775
4594002
4614597
4681040
4676720
4717190
4727508
4759517
4782575
4805380
4827705
4868404
4895265
4894108
4938164
4977521
4989822
5038687
5051541
5095398
5107280
5191775
5161400
5200795
5229819
5247391
5277725
5302920
5303480
5357991
5410207
5410302
5466796
5459850
5531608
5532937
5568734
5588858
5623562
5649746
5681699
5738267
5747212
5772273
5782702
5836418
5840029
5898235
5931569
5965847
5990589
6012615
6051989
6074334
6088022
6116656
6197020
6298015
6296450
6237883
6271734
6329223
6341054
6384370
6413899
6454504
6492136
6488232
6536700
6544217
6607981
6617581
6650158
6776388
6590156
6554006
6620673
6623000
6666605
6678924
6711428
6756853
6740461
6821825
26435723
7100154
7296344
7470725
7242306
7252369
7200616
7537524
7176052
8204769
7212720
7546793
7685408
7603704
7640491
7359926
7359475
7607363
7700261
7967261
8108282
7979242
8146866
8129224
8053939
8024839
8078378
8093687
8130909
8192366
8205464
8302691
8280832
8447391
8597493
8312830
8616111
8713939
8584047
8123851
8092054
8739096
8553168
8601578
8629207
8641048
8704986
8834800
8765925
8914849
8780686
8827946
8927476
8927723
8965737
8964979
9013934
9078855
9108973
9141008
9162229
9252475
9249734
9271072
9359757
9414926
9394603
9437028
9448332
9531265
9564614
9586355
9631336
9648440
9996655
10578734
10056515
9809690
9864537
9801821
9950974
9985777
10011245
10032676
10046693
9734632
